_exclude: id
2,10,100 ,308,309,310,311,312,322,323,334,344,345,346,349,350,351,361,362,377,379,380,388,389,397,398,399,400,
308,309,310,311,312,322,323,334,344,345,346,349,350,351,361,362,377,379,380,386,388,389,397,398,399,400,412,432,450,
632,634,635,636,637,650,652,653,654,655,656,657,658,659,660,661,662,663,664,665,666,667,668,669,670,671,672,673,674,
713,714,715,716,749,813,833,875,2467,2468,2470,2471,2472 ,2476, 2477, 2478, 5322 , 
2476,2477,2478,5322,634,635,636,637,650,652,653,654,655,656,657,658,659,660,661,662,663,664,665,666,667,668,
669,670,671,672,673,674,713,714,715,5967,5968,5969,875,308,309,310,311,312,322,323,334,344,345,346,349,350,351,
362,377,379,386,388,389,397,398,399,400,2467,2468,2470,2471,2472,2476,2477,2478,4602,4675,6936,8163,8422,8871,9008,
9050,9066,9140,9152,9163,9197,9298,9322,9977,9979,9980,9981,9982,9983,9984,10340,10463,10797,10931,11029,3719,2139,
14011, 14027, 13626, 13630 , 11917 , 12063 , 14300 , 13251 , 12477 , 14826 , 16862 ,	19134 , 14361 , 18136 , 4449 , 
19054 , 19325 , 19479 , 19526 , 19322 , 19324 , 20962 , 20162 , 18681 , 20168 ,	20626 , 1123 , 5491 , 5493 , 5500 , 9998
				
project: id
250,300,315,321,387,392,395,449,482,555,593,626,642,684,688,738,792,812,819,870,
945,1147,1343,2139,2217,2460,3304 , 357, 2953, 3719, 3833, 4665, 5308, 6026, 6028, 6095, 675 , 8304 , 
8446 , 12410 , 12638  , 11978 , 11939 , 12003 , 10426 , 10191 ,  
17552 , 19053 , 17291 , 19650 , 16410 , 19511 , 16412 , 19289 , 19422 , 19049 ,
20283 , 17003 , 20913 , 21162 , 12001 , 20328 , 17005 , 17411 , 5145 , 
16336 , 21054 , 22024 , 17953 , 11843 , 23084 , 21522 , 23707 ,

kaltura_related: id
0, 1 , 101,200,11182,1,8145,9441,12,103,102,453,44489,7463,7789 , 11917 , 12063 , 12477 ,
739 , 2251,2252,11182,8145,9441, 14328 ,
5759 , 11182 , 8145 , 9441 , 
872 , 21072 , 22598 , 23068 , 22963 , 22965 ,		


wiki: text
wiki

drupal: text
drupal

wordpress: text
wordpress

			 												
				